_F
0
_L
101.405
47.2498
100.795
49.0343
99.8957
50.7767
98.7546
52.4543
97.4203
54.0458
95.931
55.5332
94.3135
56.9014
92.5906
58.1457
90.7805
59.2687
88.8974
60.2773
86.953
61.1797
84.9565
61.9845
82.9157
62.6997
80.8372
63.3321
78.7264
63.888
76.5882
64.3725
74.4267
64.7901
72.2456
65.1447
70.048
65.4395
67.836
65.6769
65.6116
65.8593
63.3757
65.9882
61.1299
66.0648
58.8756
66.0896
56.6142
66.0628
54.3459
65.984
52.0695
65.852
49.7833
65.6648
47.486
65.4197
45.1793
65.1125
42.8665
64.7376
40.5514
64.287
38.2373
63.7503
35.9244
63.1125
33.6142
62.3538
31.3123
61.4472
29.0278
60.3584
26.7739
59.0479
24.5676
57.4826
22.4335
55.659
20.4137
53.6217
18.5776
51.4421
17.0361
49.1992
15.9407
46.9184
15.4153
44.6434
15.4618
42.3883
15.9837
40.1956
16.8681
38.1193
18.0243
36.2008
19.3876
34.4604
20.9123
32.8939
22.5667
31.4856
24.3275
30.2169
26.1776
29.0716
28.1041
28.0361
30.0966
27.0996
32.1468
26.2535
34.2477
25.4911
36.3929
24.8067
38.5766
24.1959
40.7935
23.6552
43.0408
23.1822
45.3153
22.7756
47.6118
22.4295
49.9297
22.1428
52.2688
21.9328
54.593
21.6052
56.8593
21.0573
59.1365
20.5702
61.4214
20.1362
63.7099
19.7481
65.9946
19.4116
68.2756
19.1234
70.5463
18.8847
72.7922
18.7117
74.8933
19.3604
76.8958
20.3179
78.8651
21.3616
80.8027
22.4802
82.6992
23.6745
84.5526
24.9459
86.3596
26.3005
88.1032
27.7563
90.0755
28.9764
91.9597
30.3047
93.751
31.7275
95.4291
33.2398
96.9713
34.8376
98.3551
36.5096
99.5518
38.2399
100.525
40.0139
101.233
41.8159
101.632
43.6267
101.691
45.4447
_L
95.3814
42.6293
94.5374
43.542
93.4607
44.435
92.1638
45.3041
90.6632
46.1451
88.9779
46.9535
87.1281
47.7246
85.1341
48.4538
83.0156
49.1365
80.7911
49.7679
78.4775
50.3436
76.09
50.8594
73.6422
51.3113
71.1458
51.6957
68.6112
52.0095
66.0473
52.2501
63.462
52.4154
60.8622
52.5035
58.2544
52.5135
55.6449
52.4447
53.0397
52.2968
50.4451
52.0704
47.8676
51.7664
45.3144
51.3862
42.7935
50.9319
40.3138
50.4061
37.8857
49.8122
35.5205
49.1538
33.2312
48.4353
31.0319
47.6615
28.938
46.8377
26.9658
45.9706
25.1326
45.0684
23.4553
44.1379
21.9506
43.1785
20.6331
42.1894
19.515
41.1786
18.6076
40.1462
17.9316
39.1031
17.5044
38.0512
17.3116
36.9986
17.3347
35.9422
17.565
34.8902
17.992
33.8414
18.6022
32.8054
19.3798
31.7893
20.3078
30.7959
21.3699
29.8317
22.55
28.8995
23.835
27.997
25.2313
27.1677
26.7983
26.4593
28.4599
25.84
30.188
25.2741
31.967
24.7594
33.7907
24.3029
35.6515
23.9033
37.5461
23.564
39.4749
23.2838
41.4354
23.0617
43.4249
22.9252
45.418
22.6615
47.4309
22.4814
49.4602
22.3567
51.5038
22.2876
53.5533
22.2781
55.6056
22.3266
57.6553
22.4302
59.6981
22.587
61.7335
22.7956
63.7595
23.0549
65.7729
23.3641
67.7716
23.7229
69.7529
24.1306
71.713
24.5863
73.6479
25.0889
75.5536
25.6374
77.4255
26.2304
79.2591
26.8663
81.0491
27.5433
82.7897
28.2592
84.4742
29.0116
86.0951
29.798
87.6442
30.6156
89.1119
31.4614
90.4876
32.3323
91.759
33.2251
92.913
34.1365
93.9345
35.0632
94.8074
36.0021
95.5146
36.9496
96.0385
37.9026
96.3618
38.8576
96.4687
39.8114
96.346
40.7603
95.9849
41.7008
_L
90.8664
39.0691
90.002
39.8146
88.9461
40.5374
87.7091
41.2344
86.304
41.9026
84.7455
42.539
83.0491
43.1404
81.2311
43.7037
79.3072
44.2258
77.2924
44.7038
75.2009
45.1348
73.0454
45.5159
70.8377
45.8445
68.5879
46.1184
66.3051
46.3355
63.9974
46.4939
61.6719
46.5925
59.335
46.6301
56.993
46.6063
54.6519
46.5209
52.3175
46.3744
49.9963
46.1676
47.6946
45.9016
45.4199
45.5782
43.18
45.1994
40.9843
44.7677
38.8428
44.2856
36.7668
43.7562
34.7689
43.1826
32.8622
42.5681
31.061
41.9162
29.3796
41.2304
27.8327
40.5143
26.4343
39.7712
25.1976
39.0046
24.1339
38.2176
23.2526
37.4136
22.5606
36.5966
22.0617
35.7719
21.757
34.9429
21.6445
34.1119
21.72
33.2809
21.9775
32.4497
22.409
31.6255
23.0057
30.8155
23.7562
30.0087
24.653
29.2277
25.7082
28.5048
26.7875
27.6821
27.8714
26.7605
29.0769
25.8973
30.3714
25.0781
31.7394
24.2801
33.1751
23.5187
34.6713
22.7979
36.2211
22.1168
37.8193
21.4794
39.4604
20.8896
41.139
20.3501
42.8495
19.8636
44.5855
19.4326
46.3438
19.0589
48.1232
18.7438
49.9194
18.4834
51.7327
18.2776
53.5566
18.137
55.3903
18.3184
57.2246
18.564
59.0536
18.8629
60.8768
19.2149
62.6961
19.6242
64.5046
20.091
66.296
20.6153
68.0666
21.1925
69.8094
21.8201
71.5261
22.5096
73.271
23.1062
75.0143
23.6642
76.71
24.277
78.3587
24.923
79.9556
25.5983
81.4942
26.3036
82.9686
27.0354
84.3714
27.7896
85.6947
28.5635
86.9298
29.3542
88.0671
30.1581
89.096
30.9723
90.0051
31.7938
90.7824
32.6198
91.4153
33.4474
91.8912
34.2743
92.1976
35.0978
92.3234
35.9152
92.2586
36.7239
91.9963
37.5209
91.5324
38.3036
_L
86.7968
33.935
85.9851
34.6526
85.0182
35.3476
83.9044
36.0174
82.6537
36.6594
81.2775
37.2708
79.7875
37.8491
78.1963
38.3915
76.5157
38.8956
74.7578
39.359
72.9336
39.7795
71.0532
40.1549
69.1264
40.4835
67.1614
40.7636
65.1662
40.9939
63.1474
41.1735
61.1116
41.3016
59.0645
41.3778
57.0116
41.4023
54.9585
41.3752
52.9105
41.2973
50.8732
41.1695
48.8522
40.9931
46.8539
40.7697
44.8849
40.5009
42.9527
40.1889
41.0657
39.8356
39.233
39.4435
37.4643
39.0149
35.7704
38.5523
34.1624
38.0581
32.6522
37.535
31.2514
36.9854
29.9717
36.4119
28.8241
35.817
27.8187
35.2033
26.9643
34.573
26.2677
33.9287
25.7337
33.2727
25.3649
32.6074
25.1611
31.9352
25.1202
31.2582
25.2374
30.5789
25.5066
29.8994
25.9199
29.2221
26.4683
28.5492
27.1425
27.8829
27.9327
27.2251
28.8294
26.5779
29.8237
25.9437
30.907
25.3254
32.0713
24.7256
33.3087
24.147
34.6111
23.5917
35.9727
23.0609
37.3908
22.5581
38.8656
22.0887
40.3993
21.6561
41.9924
21.2788
43.6374
20.9964
45.295
20.9574
46.9919
21.0223
48.731
21.1526
50.5078
21.3438
52.3051
21.6176
54.1217
21.7245
55.8666
21.2215
57.5958
20.7548
59.3209
20.3385
61.0465
19.9673
62.769
19.6451
64.4829
19.3709
66.183
19.1441
67.864
18.9649
69.5225
18.8294
71.1509
18.7412
72.7354
18.7092
74.2925
19.1689
75.7887
19.7044
77.2267
20.3072
78.6084
20.949
79.9279
21.6185
81.1789
22.3193
82.3565
23.0455
83.4542
23.7906
84.465
24.5526
85.381
25.329
86.1941
26.1161
86.8952
26.9106
87.4753
27.7096
87.925
28.51
88.2353
29.309
88.3978
30.1044
88.4049
30.8936
88.251
31.6741
87.9322
32.4431
87.4471
33.1977
_L
86.4051
30.0082
85.3538
30.5104
84.1815
31.0047
82.8956
31.4873
81.5051
31.9548
80.0198
32.4033
78.4499
32.8296
76.8054
33.2311
75.096
33.6056
73.331
33.951
71.5191
34.2652
69.6681
34.5465
67.7853
34.7933
65.8774
35.0042
63.9505
35.1784
62.0102
35.3148
60.0619
35.4131
58.1108
35.4731
56.1619
35.4948
54.2205
35.4786
52.2919
35.4251
50.3817
35.3352
48.4961
35.2101
46.6415
35.0509
44.8254
34.8592
43.0556
34.6364
41.3409
34.3845
39.6905
34.105
38.1146
33.7999
36.6235
33.471
35.2278
33.1203
33.9382
32.7497
32.7651
32.3612
31.7182
31.9567
30.8061
31.5381
30.0365
31.1074
29.4151
30.6663
28.9459
30.217
28.6309
29.761
28.4702
29.3004
28.4619
28.8371
28.6022
28.3731
28.8861
27.9102
29.3072
27.4504
29.858
26.9952
30.5308
26.546
31.3173
26.1047
32.2092
25.6737
33.1981
25.2564
34.2758
24.8573
35.4341
24.4808
36.6649
24.1305
37.9618
23.8103
39.3198
23.5224
40.7342
23.2613
42.2008
23.0244
43.7231
22.8359
45.2314
22.5383
46.7843
22.2971
48.3689
22.0944
49.9827
21.9364
51.6186
21.8329
53.2696
21.7924
54.9665
21.616
56.6702
21.4995
58.3793
21.4338
60.0925
21.4177
61.8028
21.454
63.5065
21.5417
65.2003
21.6801
66.8793
21.8697
68.5395
22.1088
70.1777
22.3928
71.7912
22.7147
73.4172
22.9652
74.9737
22.855
76.51
22.8374
77.9993
22.8574
79.4368
22.9173
80.8162
23.0167
82.1323
23.1548
83.3781
23.3307
84.5459
23.5443
85.6275
23.7947
86.6138
24.0801
87.4955
24.4013
88.2628
24.7596
88.9049
25.1514
89.4122
25.5715
89.7792
26.0199
89.9819
26.5033
89.9814
27.0011
89.7574
27.5079
89.3514
28.0055
88.8014
28.4977
88.1284
28.9971
87.3305
29.5024
_L
110.006
50.2033
109.349
52.5868
108.364
54.8203
107.122
56.8437
105.677
58.6868
104.072
60.3724
102.339
61.9108
100.504
63.3082
98.5861
64.5714
96.6015
65.7092
94.5621
66.731
92.4777
67.646
90.3559
68.4629
88.2031
69.1898
86.0245
69.8341
83.8244
70.4025
81.6062
70.901
79.3732
71.3348
77.1281
71.7085
74.8734
72.0259
72.6112
72.2902
70.3435
72.5041
68.0715
72.6696
65.7969
72.7883
63.5209
72.8612
61.2449
72.8888
58.9704
72.8711
56.6986
72.8076
54.4311
72.6975
52.1691
72.539
49.9143
72.3301
47.6687
72.068
45.4345
71.7491
43.2143
71.369
41.0111
70.9225
38.8285
70.4031
36.6703
69.8036
34.5416
69.115
32.4485
68.3277
30.3987
67.431
28.402
66.4133
26.471
65.2635
24.6225
63.9707
22.8788
62.5258
21.2696
60.9239
19.8339
59.167
18.6188
57.2418
17.6583
54.9703
17.072
51.1343
17.6162
47.294
18.4823
44.9251
19.53
42.856
20.7508
40.8999
22.116
39.0352
23.6017
37.2678
25.1896
35.595
26.8655
34.009
28.6184
32.5006
30.4391
31.061
32.3194
29.6807
34.2514
28.351
36.2296
27.0684
38.2502
25.8341
40.3125
24.6496
42.413
23.515
44.5359
22.4198
46.6839
21.3711
48.8192
20.3147
50.9327
19.2356
53.0845
18.2441
55.3614
18.3625
57.6576
18.7884
59.9607
19.2723
62.2655
19.8139
64.569
20.4169
66.8712
21.0814
69.1711
21.8078
71.4676
22.6005
73.8419
23.0876
76.2701
23.3433
78.687
23.6552
81.0872
24.022
83.4718
24.4406
85.8338
24.9119
88.1567
25.4747
90.4112
26.2352
92.5927
27.1889
94.7148
28.259
96.7809
29.4189
98.7797
30.6817
100.697
32.0596
102.519
33.5596
104.227
35.1848
105.798
36.9345
107.205
38.8077
108.412
40.8107
109.369
42.9642
110.01
45.2903
110.244
47.7151
_C
0
4.29497e+009
0
0
0
0
19.6214
38.4498
1.59545
-15.255
66.37
0
0
18
0
0
24
0
0
30
0
25.872
27.546
0.603023
-10.2647
18.428
0
6
12
0
10.9865
16.8638
0
18.0727
35.6302
0
12
6
0
34.8721
21.5159
0
20.7518
21.1771
0
18
12
0
24
6
0
24
12
0
24
18
0
30
12
0
36
6
0
36
12
0
36
18
0
47.6216
20.2193
0.603023
42
6
0
21.9833
14.69
0
42
18
0
42
24
0
43.2774
21.9267
0.852803
65.2082
38.8384
0
46.6164
22.037
0
54
12
0
60
6
0
47.6846
30.9327
0
60
18
0
57.5942
41.2575
0
53.6162
19.9834
1.70561
72
12
0
38.5196
47.5286
0
78
0
0
72.8851
20.8493
2
89.3147
56.5818
0
67.1817
21.1574
0
78
24
0
84
6
0
84
12
0
84
18
0
90
12
0
96
6
0
96
12
0
88.7044
17.0601
0
102
0
0
102
6
0
64.9116
36.5591
0
102
18
0
102
24
0
88.7892
26.8026
1.04447
108
12
0
108
18
0
114
0
0
99.1873
49.7451
1.04447
130.738
23.312
0
114
18
0
114
24
0
